19880	road_closed	23	20.26086956521739
19881	road_closed	1	24.0
19900	road_closed	2	45.0
19958	road_closed	2	37.0
20014	road_closed	1	146.0
20074	road_closed	1	27.0
20094	road_closed	2	21.5
20108	road_closed	2	13.0
20132	road_closed	1	100.0
20138	road_closed	1	25.0
20145	road_closed	14	8.857142857142858
20180	road_closed	4	14.5
20181	road_closed	25	4.64
20195	road_closed	7	6.285714285714286
20196	road_closed	19	5.842105263157895
20200	hazard	40	496.65
20207	road_closed	8	12.25
20213	road_closed	2	25.5
20215	road_closed	7	3.4285714285714284
20216	road_closed	2	7.0
20223	road_closed	2	2.5
20224	hazard	2	53.5
20225	hazard	1	8.0
20226	hazard	2	45.0
20227	hazard	4	13.25
20227	road_closed	2	2.5
20229	hazard	2	21.0
20231	hazard	3	11.666666666666666
20231	road_closed	4	1.25
20232	hazard	2	12.0
20233	hazard	4	12.25
20234	hazard	15	15.666666666666666
20235	hazard	11	9.181818181818182
20236	hazard	12	9.583333333333334
20236	road_closed	5	1.0
20237	hazard	30	9.333333333333334
20238	jam	4987	0.03870062161620213
20238	hazard	1762	1.2559591373439274
20238	police	1669	0.8526063511084482
20238	accident	162	0.4876543209876543
20238	chit_chat	417	0.19904076738609114
20238	road_closed	137	0.014598540145985401
20239	jam	3990	0.014786967418546366
20239	hazard	2066	0.35963213939980637
20239	police	1885	0.2572944297082228
20239	accident	204	0.18137254901960784
20239	chit_chat	448	0.10714285714285714
20239	road_closed	559	0.044722719141323794
20240	jam	1374	7.27802037845706E-4
20240	hazard	1558	0.0699614890885751
20240	police	1834	0.0430752453653217
20240	accident	198	0.015151515151515152
20240	chit_chat	454	0.030837004405286344
20240	road_closed	298	0.053691275167785234
20241	jam	2342	0.03159692570452605
20241	hazard	1058	0.7665406427221172
20241	police	851	0.790834312573443
20241	accident	117	0.09401709401709402
20241	chit_chat	186	0.3172043010752688
20241	road_closed	73	0.0273972602739726
